-,-,-
117, -528, 719
181, -524, 667
210, -462, 647
270, -454, 606
256, -444, 636
256, -444, 636
206, -427, 645
200, -426, 651
186, -438, 657
142, -466, 707
82, -485, 798
42, -479, 852
42, -479, 852
34, -473, 862
3, -499, 902
-65, -518, 981
-141, -517, 1051
-169, -503, 1026
-191, -502, 989
-213, -519, 958
-213, -519, 958
-273, -526, 1003
-304, -505, 1066
-296, -488, 1064
-308, -479, 1051
-335, -472, 1049
-338, -448, 1055
-313, -436, 1025
-292, -424, 983
-273, -420, 928
-261, -408, 893
-245, -391, 900
-222, -361, 925
-197, -339, 905
-164, -350, 828
-125, -370, 836
-93, -355, 879
-39, -348, 910
-39, -348, 910
12, -348, 918
40, -353, 903
60, -371, 886
86, -358, 909
123, -342, 958
123, -342, 958
158, -375, 897
165, -395, 932
197, -384, 956
229, -382, 908
241, -397, 894
250, -415, 907
250, -415, 907
265, -432, 921
282, -437, 946
267, -442, 938
260, -447, 943
268, -466, 982
272, -474, 980
267, -479, 983
267, -479, 983
274, -483, 1012
277, -506, 995
252, -519, 1019
229, -514, 1054
221, -509, 1046
183, -513, 1007
140, -515, 971
121, -512, 937
118, -512, 927
118, -512, 927
88, -494, 909
47, -479, 939
9, -462, 953
-2, -464, 916
-38, -462, 851
-38, -462, 851
-101, -437, 830
-146, -420, 871
-158, -425, 844
-179, -429, 772
-189, -442, 680
-182, -424, 704
-168, -412, 747
-162, -414, 729
-145, -421, 725
-127, -429, 708
-88, -464, 756
-,-,-
14, -506, 770
32, -489, 775
65, -487, 797
113, -501, 800
109, -463, 814
109, -463, 814
98, -456, 820
103, -460, 784
99, -450, 762
90, -456, 783
73, -460, 789
73, -460, 789
79, -454, 808
81, -444, 832
80, -462, 809
66, -477, 832
41, -476, 873
41, -476, 873
49, -458, 909
35, -458, 897
9, -464, 907
-22, -467, 906
-22, -467, 906
-38, -463, 910
-77, -465, 956
-104, -474, 960
-129, -481, 952
-175, -495, 959
-231, -504, 967
-262, -507, 973
-270, -504, 998
-277, -490, 1014
-292, -476, 1003
-282, -472, 997
-265, -462, 961
-265, -462, 961
-256, -441, 905
-235, -428, 900
-233, -427, 898
-219, -427, 870
-198, -406, 861
-166, -384, 884
-132, -371, 883
-114, -377, 884
-86, -379, 896
-48, -359, 903
-7, -359, 891
-7, -359, 891
42, -381, 867
79, -399, 926
110, -397, 975
133, -384, 995
132, -371, 959
132, -371, 959
145, -379, 915
144, -390, 953
169, -377, 943
201, -385, 899
228, -409, 916
269, -437, 919
269, -437, 919
289, -448, 900
272, -455, 926
267, -474, 932
253, -497, 954
241, -504, 972
222, -500, 990
192, -508, 1014
163, -520, 1034
163, -520, 1034
156, -530, 1035
155, -529, 1025
122, -528, 1001
106, -524, 971
126, -516, 950
148, -510, 922
123, -478, 873
80, -478, 859
80, -478, 859
36, -476, 870
0, -478, 865
-41, -458, 831
-86, -459, 762
-120, -446, 808
-134, -440, 791
-134, -440, 791
-142, -440, 747
-157, -425, 713
-173, -422, 730
-172, -438, 763
-142, -438, 785
-133, -456, 767
-137, -462, 759
-128, -473, 749
-102, -482, 762
-88, -494, 816
-,-,-
80, -515, 741
80, -515, 741
116, -490, 734
145, -484, 766
167, -465, 778
181, -443, 779
193, -431, 756
202, -422, 789
202, -422, 789
182, -426, 812
162, -416, 824
146, -433, 803
115, -473, 795
69, -499, 807
42, -486, 860
42, -486, 860
44, -454, 899
20, -476, 915
-33, -506, 909
-63, -509, 911
-49, -478, 947
-49, -478, 947
-52, -467, 954
-91, -495, 977
-126, -509, 974
-141, -499, 977
-159, -480, 980
-200, -484, 957
-230, -497, 935
-254, -490, 942
-259, -485, 939
-264, -476, 945
-264, -476, 945
-257, -467, 952
-240, -459, 948
-228, -449, 927
-230, -437, 937
-223, -426, 930
-204, -405, 922
-180, -390, 926
-162, -390, 916
-139, -390, 906
-122, -387, 896
-94, -388, 876
-60, -385, 881
-60, -385, 881
-15, -380, 891
10, -373, 880
20, -364, 890
65, -360, 930
118, -349, 935
118, -349, 935
148, -354, 902
168, -371, 870
207, -385, 907
262, -389, 935
277, -389, 949
282, -406, 949
293, -424, 941
293, -424, 941
301, -431, 947
295, -439, 946
288, -444, 950
288, -455, 957
288, -460, 1015
286, -462, 1033
264, -464, 1017
219, -471, 1039
219, -471, 1039
189, -477, 1030
166, -472, 1005
151, -471, 991
131, -471, 949
100, -469, 926
72, -464, 927
50, -459, 899
50, -459, 899
33, -462, 851
6, -454, 880
-12, -461, 864
-27, -453, 868
-34, -447, 832
-47, -450, 801
-47, -450, 801
-50, -451, 753
-49, -447, 784
-42, -434, 757
-60, -445, 734
-59, -450, 784
-45, -439, 806
-45, -439, 806
-47, -463, 765
-48, -472, 724
-42, -482, 747
-,-,-
19, -499, 849
52, -524, 803
68, -489, 830
74, -498, 820
79, -487, 791
79, -487, 791
99, -482, 773
124, -474, 776
144, -444, 789
172, -415, 793
183, -398, 770
165, -407, 760
165, -407, 760
153, -401, 771
142, -391, 782
140, -378, 806
124, -398, 842
87, -423, 840
67, -432, 907
67, -432, 907
76, -417, 944
37, -434, 966
-35, -463, 948
-89, -468, 981
-126, -471, 998
-174, -472, 1016
-224, -477, 1007
-245, -471, 1031
-261, -464, 1019
-261, -464, 1019
-279, -456, 987
-307, -460, 945
-320, -455, 915
-322, -451, 925
-319, -441, 915
-314, -433, 901
-307, -415, 912
-296, -400, 925
-272, -394, 914
-250, -387, 915
-240, -364, 924
-226, -344, 923
-204, -342, 909
-204, -342, 890
-178, -353, 890
-157, -341, 881
-136, -332, 899
-114, -327, 915
-69, -325, 923
-30, -323, 923
-9, -311, 916
25, -313, 962
101, -342, 1142
101, -342, 1142
85, -364, 927
147, -361, 927
157, -331, 935
204, -329, 981
229, -351, 950
235, -360, 935
238, -359, 917
238, -359, 917
249, -361, 887
269, -378, 884
279, -393, 897
268, -405, 916
260, -423, 945
261, -441, 975
261, -441, 975
256, -445, 998
236, -447, 1042
208, -454, 1055
184, -456, 1059
155, -465, 1055
130, -467, 1050
115, -467, 1015
107, -470, 1009
82, -470, 1010
49, -460, 1007
49, -460, 1007
38, -453, 1004
28, -442, 966
3, -441, 906
-24, -409, 1002
-44, -395, 867
-63, -382, 808
-63, -382, 808
-91, -389, 727
-101, -398, 753
-71, -398, 701
-76, -381, 745
-101, -386, 742
-100, -388, 770
-112, -418, 740
-114, -397, 795
-,-,-
40, -463, 826
66, -464, 770
139, -479, 811
169, -459, 872
198, -421, 900
212, -396, 926
212, -396, 926
191, -385, 902
162, -394, 845
128, -405, 837
95, -407, 825
66, -398, 815
36, -407, 789
36, -407, 789
-3, -415, 836
-58, -422, 839
-80, -430, 859
-85, -427, 870
-129, -440, 911
-188, -450, 938
-198, -453, 962
-198, -453, 962
-186, -442, 945
-195, -441, 942
-238, -460, 970
-259, -466, 984
-259, -453, 968
-267, -442, 975
-284, -437, 979
-296, -429, 972
-288, -416, 951
-276, -402, 925
-281, -389, 911
-281, -386, 903
-281, -386, 903
-283, -381, 895
-278, -367, 892
-264, -356, 895
-247, -348, 896
-226, -366, 905
-200, -368, 901
-178, -350, 908
-172, -344, 922
-146, -357, 906
-118, -366, 904
-93, -348, 917
-52, -319, 929
-52, -319, 929
-9, -308, 953
31, -316, 979
60, -318, 932
71, -315, 949
104, -331, 919
104, -331, 919
133, -356, 927
153, -363, 929
156, -347, 920
165, -349, 915
196, -376, 921
209, -395, 934
209, -395, 934
207, -395, 939
212, -388, 935
241, -401, 953
259, -427, 957
261, -448, 989
245, -447, 1026
231, -442, 1067
211, -442, 1109
211, -442, 1109
187, -437, 1103
161, -434, 1067
133, -435, 1024
106, -434, 990
65, -433, 979
27, -440, 942
11, -444, 937
18, -437, 918
18, -437, 918
10, -425, 862
-20, -419, 960
-19, -416, 922
-7, -413, 910
-36, -403, 834
-36, -403, 834
-66, -410, 848
-68, -418, 804
-72, -426, 770
-76, -437, 761
-94, -435, 770
-101, -434, 765
-95, -434, 760
-95, -434, 760
-80, -433, 758
-79, -447, 744
-71, -459, 800
-,-,-
-22, -515, 800
-22, -515, 800
-12, -494, 847
15, -485, 841
40, -468, 822
61, -457, 808
82, -427, 785
82, -427, 785
111, -393, 744
139, -368, 728
149, -348, 724
147, -337, 714
138, -344, 739
106, -342, 746
106, -342, 746
76, -347, 787
24, -359, 847
16, -356, 925
9, -361, 984
8, -373, 1007
8, -373, 1007
-30, -408, 1009
-136, -448, 1063
-201, -447, 1045
-204, -423, 1019
-216, -429, 1051
-251, -448, 1067
-278, -445, 1050
-279, -427, 1039
-290, -415, 1008
-310, -410, 981
-336, -399, 959
-350, -386, 934
-344, -384, 944
-333, -373, 943
-328, -360, 925
-328, -360, 925
-322, -360, 916
-316, -352, 896
-300, -343, 889
-276, -330, 896
-241, -324, 891
-211, -325, 895
-197, -318, 890
-179, -319, 911
-165, -303, 894
-134, -300, 896
-98, -307, 904
-77, -311, 938
-77, -311, 938
-66, -312, 907
-25, -302, 911
-6, -274, 928
31, -262, 938
55, -283, 956
55, -283, 956
89, -297, 947
139, -323, 985
183, -343, 1036
209, -369, 1029
223, -375, 1010
226, -385, 990
226, -393, 1013
220, -392, 1021
220, -392, 1021
204, -395, 1024
172, -394, 1022
137, -397, 1015
110, -392, 982
85, -394, 982
72, -396, 1007
57, -397, 999
42, -399, 986
42, -399, 986
34, -406, 979
36, -412, 970
41, -399, 956
52, -395, 964
52, -395, 964
27, -401, 941
-3, -418, 889
-16, -431, 855
-27, -434, 851
-63, -443, 801
-97, -439, 869
-97, -439, 869
-100, -446, 830
-102, -436, 808
-121, -425, 780
-123, -422, 777
-110, -421, 782
-91, -423, 770
-92, -425, 779
-92, -429, 794
-92, -429, 794
-92, -438, 818
-,-,-
-22, -463, 817
14, -461, 835
14, -461, 835
32, -430, 815
62, -415, 788
73, -397, 776
66, -384, 783
66, -384, 783
85, -379, 838
102, -384, 854
113, -377, 879
104, -363, 866
94, -348, 852
72, -367, 852
72, -367, 852
45, -392, 858
10, -393, 911
-22, -387, 929
-35, -390, 955
-52, -384, 951
-52, -384, 951
-62, -389, 961
-64, -401, 996
-92, -406, 980
-126, -413, 999
-164, -418, 1017
-171, -410, 996
-179, -412, 1026
-196, -400, 1004
-226, -389, 983
-237, -383, 954
-250, -376, 922
-250, -376, 922
-260, -361, 926
-270, -347, 936
-272, -350, 934
-251, -364, 952
-235, -358, 958
-224, -342, 945
-201, -340, 960
-188, -331, 947
-181, -322, 935
-170, -300, 930
-151, -290, 940
-138, -289, 894
-95, -295, 904
-95, -295, 904
-67, -291, 927
-57, -279, 947
-39, -281, 984
15, -287, 948
70, -292, 957
70, -292, 955
77, -295, 955
100, -279, 956
137, -293, 963
176, -301, 951
181, -303, 942
187, -311, 962
187, -311, 962
209, -320, 968
235, -337, 977
249, -355, 998
221, -369, 1015
192, -379, 1016
176, -386, 1032
144, -394, 1076
107, -388, 1058
82, -380, 1040
82, -380, 1040
74, -385, 1041
56, -388, 1018
36, -389, 971
24, -380, 947
8, -374, 937
8, -374, 937
-18, -375, 963
-23, -371, 968
-38, -375, 930
-72, -390, 881
-104, -396, 874
-121, -396, 862
-122, -388, 848
-126, -401, 795
-126, -401, 795
-111, -385, 843
-98, -369, 865
-83, -365, 844
-87, -370, 859
-83, -370, 836
-81, -377, 819
-81, -377, 835
-85, -387, 841
-85, -387, 841
-,-,-
117, -404, 836
121, -396, 773
159, -373, 819
183, -373, 877
194, -349, 897
195, -331, 870
193, -323, 880
193, -323, 880
160, -344, 876
89, -376, 841
46, -394, 869
44, -401, 886
25, -399, 920
25, -399, 920
-4, -401, 930
-37, -411, 954
-50, -407, 958
-65, -398, 964
-101, -404, 979
-126, -406, 999
-152, -414, 977
-152, -414, 977
-184, -416, 982
-198, -413, 976
-203, -412, 942
-205, -395, 943
-222, -391, 952
-249, -389, 933
-258, -387, 910
-254, -393, 890
-243, -392, 905
-235, -378, 929
-228, -363, 945
-212, -359, 962
-202, -355, 977
-202, -355, 977
-202, -339, 988
-182, -326, 984
-154, -318, 969
-126, -328, 952
-105, -327, 941
-74, -320, 950
-47, -309, 956
-26, -298, 950
-5, -298, 943
-5, -298, 943
10, -297, 955
29, -296, 960
28, -292, 993
53, -300, 950
86, -310, 937
86, -310, 937
116, -309, 935
120, -320, 931
132, -333, 932
160, -334, 959
194, -331, 942
214, -331, 917
214, -339, 917
227, -358, 926
266, -370, 945
290, -365, 967
311, -358, 977
309, -355, 991
298, -365, 1005
271, -365, 1012
271, -365, 1012
233, -367, 1004
191, -380, 988
131, -390, 998
83, -391, 1016
42, -398, 1020
18, -407, 996
-9, -415, 963
-9, -415, 963
-39, -421, 945
-61, -415, 924
-84, -396, 914
-90, -380, 916
-106, -373, 931
-125, -366, 891
-153, -360, 863
-153, -360, 861
-154, -357, 861
-147, -361, 861
-145, -366, 857
-146, -364, 853
-135, -393, 808
-131, -391, 838
-122, -388, 859
-105, -392, 870
-90, -399, 882
-,-,-
101, -483, 684
101, -483, 684
121, -470, 709
128, -445, 760
125, -385, 736
163, -340, 716
222, -330, 790
206, -320, 787
176, -316, 797
176, -316, 797
121, -346, 861
66, -356, 921
28, -378, 897
-39, -392, 900
-95, -423, 996
-150, -427, 1018
-189, -439, 981
-189, -439, 981
-223, -452, 1006
-272, -460, 1085
-316, -443, 1095
-325, -436, 1055
-339, -427, 1033
-373, -420, 1046
-377, -418, 1051
-359, -407, 1006
-343, -394, 997
-346, -377, 968
-334, -364, 943
-323, -356, 915
-296, -342, 886
-274, -319, 895
-246, -303, 901
-227, -297, 908
-195, -304, 912
-155, -308, 921
-155, -308, 921
-128, -298, 928
-123, -294, 941
-112, -320, 924
-76, -349, 936
-10, -331, 981
40, -312, 1015
63, -310, 1014
83, -342, 965
83, -342, 965
91, -357, 948
104, -332, 920
125, -320, 921
126, -335, 910
140, -347, 927
158, -332, 951
158, -332, 951
188, -319, 960
202, -318, 923
205, -329, 904
215, -334, 922
211, -339, 935
199, -349, 927
195, -367, 938
195, -367, 938
202, -386, 956
203, -394, 950
191, -396, 963
157, -401, 994
135, -406, 1019
122, -415, 1025
89, -428, 1018
89, -428, 1018
58, -434, 1016
44, -434, 1014
35, -453, 1016
31, -461, 1000
36, -446, 998
36, -419, 1007
9, -423, 974
9, -423, 974
-3, -417, 993
-21, -406, 930
-62, -410, 873
-116, -417, 844
-139, -411, 828
-139, -411, 828
-144, -413, 799
-146, -404, 781
-170, -413, 779
-176, -416, 808
-167, -408, 789
-158, -401, 777
-154, -406, 760
-164, -411, 759
-179, -422, 749
-188, -414, 809
-188, -433, 734
-167, -456, 766
-130, -473, 843
-,-,-
76, -515, 833
84, -512, 778
116, -479, 768
116, -479, 768
156, -449, 780
166, -447, 817
184, -433, 793
211, -399, 747
231, -375, 742
218, -366, 715
176, -374, 705
176, -374, 705
119, -401, 752
79, -397, 763
69, -388, 848
24, -402, 899
-35, -442, 981
-35, -442, 981
-63, -435, 966
-61, -410, 976
-103, -414, 1013
-164, -451, 1056
-209, -463, 1061
-211, -441, 1045
-218, -417, 1036
-261, -431, 1054
-320, -441, 1049
-342, -423, 1014
-352, -403, 975
-351, -408, 984
-334, -407, 970
-323, -400, 983
-311, -382, 994
-316, -378, 967
-291, -378, 933
-291, -386, 933
-239, -377, 949
-180, -358, 944
-152, -345, 947
-141, -341, 938
-113, -346, 914
-70, -344, 926
-19, -326, 919
11, -316, 897
38, -314, 863
38, -314, 863
63, -322, 906
85, -320, 898
90, -314, 927
130, -316, 889
130, -316, 889
159, -334, 872
161, -355, 901
149, -353, 915
161, -352, 946
177, -373, 965
190, -387, 936
201, -382, 922
201, -382, 922
193, -392, 921
173, -396, 920
187, -398, 938
212, -396, 954
222, -390, 936
220, -397, 935
239, -415, 954
239, -415, 954
272, -430, 992
289, -426, 1009
271, -423, 1018
223, -427, 1009
184, -437, 1020
165, -452, 1008
153, -462, 999
117, -456, 996
86, -443, 1038
86, -443, 1038
65, -429, 1007
23, -417, 1022
-28, -413, 906
-66, -411, 884
-118, -404, 862
-154, -415, 856
-162, -414, 838
-183, -432, 785
-183, -432, 785
-211, -425, 792
-207, -444, 823
-170, -436, 863
-148, -428, 845
-137, -430, 794
-129, -444, 777
-122, -458, 785
-119, -434, 733
-128, -416, 833
-129, -447, 712
-116, -465, 681
-109, -455, 734
-92, -475, 835
-92, -475, 835
-89, -474, 870
